0 1.076829e-05
1 9.218131e-06
2 7.773264e-06
3 6.459961e-06
4 5.299385e-06
5 4.303311e-06
6 3.472558e-06
7 2.797302e-06
8 2.259257e-06
9 1.835196e-06
10 1.500938e-06
11 1.234445e-06
12 1.017682e-06
13 8.371589e-07
14 6.836347e-07
15 5.512898e-07
16 4.367644e-07
17 3.382427e-07
18 2.547189e-07
19 1.854575e-07
20 1.296661e-07
21 8.626309e-08
22 5.405946e-08
23 3.142820e-08
24 1.583372e-08
25 5.466663e-09
26 1.608518e-05
27 1.363882e-05
28 1.139127e-05
29 9.382671e-06
30 7.641039e-06
31 6.175753e-06
32 4.976727e-06
33 4.017461e-06
34 3.260908e-06
35 2.666213e-06
36 2.194748e-06
37 1.813886e-06
38 1.498625e-06
39 1.231411e-06
40 1.000986e-06
41 8.007691e-07
42 6.272571e-07
43 4.786823e-07
44 3.540239e-07
45 2.522575e-07
46 1.717623e-07
47 1.109414e-07
48 6.786685e-08
49 3.770237e-08
50 1.689090e-08
51 3.834650e-09
52 1.775064e-05
53 1.502973e-05
54 1.252964e-05
55 1.029813e-05
56 8.368335e-06
57 6.750972e-06
58 5.433602e-06
59 4.384690e-06
60 3.560967e-06
61 2.915456e-06
62 2.404348e-06
63 1.991114e-06
64 1.648124e-06
65 1.356263e-06
66 1.103511e-06
67 8.830423e-07
68 6.914117e-07
69 5.270091e-07
70 3.889171e-07
71 2.760837e-07
72 1.868625e-07
73 1.202520e-07
74 7.346450e-08
75 4.033178e-08
76 1.745297e-08
77 3.337082e-09
78 1.884511e-05
79 1.594363e-05
80 1.327746e-05
81 1.089942e-05
82 8.845949e-06
83 7.128661e-06
84 5.733549e-06
85 4.625767e-06
86 3.757948e-06
87 3.079089e-06
88 2.541974e-06
89 2.107506e-06
90 1.746333e-06
91 1.438313e-06
92 1.170920e-06
93 9.371675e-07
94 7.336347e-07
95 5.588126e-07
96 4.118755e-07
97 2.917734e-07
98 1.968066e-07
99 1.263612e-07
100 7.714615e-08
101 4.206613e-08
102 1.781408e-08
103 3.012753e-09
104 1.988800e-05
105 1.681424e-05
106 1.398990e-05
107 1.147223e-05
108 9.301009e-06
109 7.488530e-06
110 6.019396e-06
111 4.855551e-06
112 3.945746e-06
113 3.235140e-06
114 2.673268e-06
115 2.218577e-06
116 1.840040e-06
117 1.516525e-06
118 1.235090e-06
119 9.887063e-07
120 7.738642e-07
121 5.890358e-07
122 4.337181e-07
123 3.066787e-07
124 2.062609e-07
125 1.321784e-07
126 8.063696e-08
127 4.370831e-08
128 1.815944e-08
129 2.701066e-09
130 3.413226e-05
131 2.836188e-05
132 2.329667e-05
133 1.897317e-05
134 1.538326e-05
135 1.247139e-05
136 1.014801e-05
137 8.307359e-06
138 6.843877e-06
139 5.663743e-06
140 4.691640e-06
141 3.872218e-06
142 3.168360e-06
143 2.557343e-06
144 2.026565e-06
145 1.569411e-06
146 1.182206e-06
147 8.620413e-07
148 6.051278e-07
149 4.063777e-07
150 2.597480e-07
151 1.575857e-07
152 8.626213e-08
153 3.785739e-08
154 9.039130e-09
155 -5.332706e-09
156 4.339357e-05
157 3.588284e-05
158 2.937175e-05
159 2.388130e-05
160 1.937121e-05
161 1.574213e-05
162 1.285791e-05
163 1.057068e-05
164 8.741108e-06
165 7.250826e-06
166 6.008606e-06
167 4.950023e-06
168 4.033688e-06
169 3.235403e-06
170 2.542458e-06
171 1.948488e-06
172 1.449562e-06
173 1.041554e-06
174 7.186821e-07
175 4.730974e-07
176 2.972558e-07
177 1.758960e-07
178 9.034838e-08
179 3.472967e-08
180 3.925373e-09
181 -1.001838e-08
182 4.905537e-05
183 4.047607e-05
184 3.307391e-05
185 2.686336e-05
186 2.178621e-05
187 1.771699e-05
188 1.449099e-05
189 1.193400e-05
190 9.885202e-06
191 8.210421e-06
192 6.808005e-06
193 5.607462e-06
194 4.564475e-06
195 3.653877e-06
196 2.863036e-06
197 2.185844e-06
198 1.618229e-06
199 1.155713e-06
200 7.913168e-07
201 5.159759e-07
202 3.220738e-07
203 1.883473e-07
204 9.358408e-08
205 3.311857e-08
206 7.572751e-10
207 -1.294235e-08
208 5.443758e-05
209 4.484221e-05
210 3.659279e-05
211 2.969756e-05
212 2.408127e-05
213 1.959364e-05
214 1.604276e-05
215 1.322937e-05
216 1.097222e-05
217 9.122087e-06
218 7.567424e-06
219 6.231983e-06
220 5.068673e-06
221 4.051381e-06
222 3.167487e-06
223 2.411183e-06
224 1.778402e-06
225 1.264147e-06
226 8.604231e-07
227 5.569333e-07
228 3.458944e-07
229 2.002935e-07
230 9.656626e-08
231 3.147366e-08
232 -2.160354e-09
233 -1.575335e-08
234 6.379610e-05
235 5.245509e-05
236 4.285348e-05
237 3.491429e-05
238 2.848058e-05
239 2.333180e-05
240 1.922332e-05
241 1.592096e-05
242 1.322319e-05
243 1.097120e-05
244 9.051732e-06
245 7.390134e-06
246 5.942298e-06
247 4.684582e-06
248 3.604833e-06
249 2.695735e-06
250 1.949976e-06
251 1.357380e-06
252 9.043171e-07
253 5.757431e-07
254 3.480869e-07
255 1.877470e-07
256 8.167295e-08
257 2.079730e-08
258 -8.517176e-09
259 -1.923544e-08
260 7.842709e-05
261 6.436060e-05
262 5.256847e-05
263 4.289448e-05
264 3.509378e-05
265 2.885804e-05
266 2.386582e-05
267 1.982316e-05
268 1.648704e-05
269 1.367278e-05
270 1.125265e-05
271 9.146054e-06
272 7.307492e-06
273 5.713736e-06
274 4.353140e-06
275 3.217083e-06
276 2.295290e-06
277 1.572448e-06
278 1.029048e-06
279 6.454295e-07
280 3.793563e-07
281 1.921757e-07
282 7.404912e-08
283 1.060007e-08
284 -1.727672e-08
285 -2.558762e-08
286 9.188064e-05
287 7.529394e-05
288 6.147609e-05
289 5.019966e-05
290 4.113929e-05
291 3.390543e-05
292 2.810517e-05
293 2.338845e-05
294 1.947273e-05
295 1.614819e-05
296 1.327341e-05
297 1.076193e-05
298 8.567040e-06
299 6.665969e-06
300 5.047512e-06
301 3.702543e-06
302 2.618129e-06
303 1.774466e-06
304 1.146943e-06
305 7.125641e-07
306 4.100508e-07
307 1.967507e-07
308 6.705433e-08
309 1.671059e-09
310 -2.542749e-08
311 -3.139162e-08
312 1.074455e-04
313 8.820930e-05
314 7.229755e-05
315 5.934279e-05
316 4.890512e-05
317 4.050467e-05
318 3.368457e-05
319 2.805538e-05
320 2.331458e-05
321 1.924519e-05
322 1.570635e-05
323 1.261521e-05
324 9.928443e-06
325 7.624029e-06
326 5.687960e-06
327 4.104425e-06
328 2.850701e-06
329 1.896267e-06
330 1.208250e-06
331 7.313559e-07
332 3.952431e-07
333 1.747621e-07
334 4.929258e-08
335 -1.073697e-08
336 -3.270563e-08
337 -3.588056e-08
338 1.372857e-04
339 1.128094e-04
340 9.271434e-05
341 7.641267e-05
342 6.326653e-05
343 5.262494e-05
344 4.389813e-05
345 3.660463e-05
346 3.038585e-05
347 2.499542e-05
348 2.028147e-05
349 1.616003e-05
350 1.259015e-05
351 9.550509e-06
352 7.023490e-06
353 4.984147e-06
354 3.395517e-06
355 2.211233e-06
356 1.383119e-06
357 8.069291e-07
358 4.037271e-07
359 1.542378e-07
360 2.338955e-08
361 -3.225655e-08
362 -4.786139e-08
363 -4.595277e-08
364 2.065097e-04
365 1.709478e-04
366 1.418373e-04
367 1.180703e-04
368 9.860935e-05
369 8.249509e-05
370 6.892479e-05
371 5.729128e-05
372 4.717731e-05
373 3.831887e-05
374 3.056837e-05
375 2.385101e-05
376 1.812908e-05
377 1.336806e-05
378 9.521429e-06
379 6.519431e-06
380 4.276414e-06
381 2.690413e-06
382 1.587810e-06
383 8.212403e-07
384 3.393881e-07
385 7.893583e-08
386 -3.759111e-08
387 -7.492174e-08
388 -7.558686e-08
389 -6.297034e-08
390 1.797943e-06
391 1.843648e-06
392 1.869419e-06
393 1.868945e-06
394 1.837650e-06
395 1.772371e-06
396 1.672580e-06
397 1.541419e-06
398 1.385872e-06
399 1.215835e-06
400 1.042479e-06
401 8.761993e-07
402 7.250307e-07
403 5.938222e-07
404 4.842952e-07
405 3.956397e-07
406 3.253804e-07
407 2.702227e-07
408 2.267415e-07
409 1.918385e-07
410 1.629933e-07
411 1.383133e-07
412 1.166660e-07
413 9.711471e-08
414 7.909752e-08
415 6.312010e-08
416 2.958774e-06
417 3.023069e-06
418 3.049627e-06
419 3.027578e-06
420 2.949764e-06
421 2.812677e-06
422 2.618634e-06
423 2.377026e-06
424 2.103450e-06
425 1.816804e-06
426 1.535800e-06
427 1.275771e-06
428 1.046885e-06
429 8.537751e-07
430 6.963678e-07
431 5.712566e-07
432 4.732004e-07
433 3.963969e-07
434 3.353931e-07
435 2.855548e-07
436 2.432599e-07
437 2.064748e-07
438 1.734339e-07
439 1.423795e-07
440 1.143527e-07
441 9.041359e-08
442 3.248168e-06
443 3.328909e-06
444 3.368218e-06
445 3.352695e-06
446 3.272955e-06
447 3.124085e-06
448 2.908478e-06
449 2.637315e-06
450 2.329251e-06
451 2.006656e-06
452 1.691320e-06
453 1.400758e-06
454 1.146285e-06
455 9.327735e-07
456 7.597428e-07
457 6.230099e-07
458 5.164209e-07
459 4.332814e-07
460 3.673640e-07
461 3.134506e-07
462 2.676362e-07
463 2.279144e-07
464 1.915174e-07
465 1.568335e-07
466 1.258440e-07
467 9.954787e-08
468 3.438012e-06
469 3.529713e-06
470 3.577532e-06
471 3.566387e-06
472 3.485426e-06
473 3.328819e-06
474 3.099027e-06
475 2.808417e-06
476 2.477664e-06
477 2.131422e-06
478 1.793506e-06
479 1.482865e-06
480 1.211570e-06
481 9.846472e-07
482 8.013469e-07
483 6.569733e-07
484 5.447721e-07
485 4.574695e-07
486 3.883422e-07
487 3.317735e-07
488 2.836444e-07
489 2.419949e-07
490 2.034152e-07
491 1.663430e-07
492 1.334013e-07
493 1.055566e-07
494 3.619802e-06
495 3.721637e-06
496 3.777508e-06
497 3.770397e-06
498 3.688183e-06
499 3.524071e-06
500 3.280690e-06
501 2.971492e-06
502 2.619087e-06
503 2.250295e-06
504 1.890854e-06
505 1.561068e-06
506 1.273725e-06
507 1.034018e-06
508 8.409775e-07
509 6.894091e-07
510 5.718400e-07
511 4.805228e-07
512 4.083797e-07
513 3.492636e-07
514 2.989199e-07
515 2.554197e-07
516 2.147388e-07
517 1.754029e-07
518 1.405997e-07
519 1.112761e-07
520 8.390690e-06
521 8.372180e-06
522 8.208577e-06
523 7.884421e-06
524 7.403963e-06
525 6.787613e-06
526 6.071545e-06
527 5.303136e-06
528 4.532506e-06
529 3.803534e-06
530 3.148298e-06
531 2.584674e-06
532 2.117381e-06
533 1.740804e-06
534 1.442791e-06
535 1.208209e-06
536 1.021928e-06
537 8.706079e-07
538 7.435153e-07
539 6.330513e-07
540 5.346202e-07
541 4.448093e-07
542 3.607760e-07
543 2.868166e-07
544 2.246898e-07
545 1.723069e-07
546 1.148210e-05
547 1.138398e-05
548 1.107593e-05
549 1.054388e-05
550 9.803759e-06
551 8.894455e-06
552 7.874177e-06
553 6.811613e-06
554 5.773639e-06
555 4.814266e-06
556 3.969232e-06
557 3.254808e-06
558 2.670693e-06
559 2.204567e-06
560 1.837422e-06
561 1.548032e-06
562 1.316283e-06
563 1.125212e-06
564 9.619245e-07
565 8.177546e-07
566 6.883943e-07
567 5.673016e-07
568 4.553697e-07
569 3.598814e-07
570 2.799165e-07
571 2.122370e-07
572 1.330482e-05
573 1.317397e-05
574 1.279324e-05
575 1.214789e-05
576 1.125983e-05
577 1.017880e-05
578 8.976651e-06
579 7.735720e-06
580 6.533936e-06
581 5.432324e-06
582 4.469533e-06
583 3.661336e-06
584 3.004662e-06
585 2.483249e-06
586 2.073889e-06
587 1.751431e-06
588 1.492542e-06
589 1.278113e-06
590 1.093552e-06
591 9.298441e-07
592 7.825706e-07
593 6.424477e-07
594 5.136499e-07
595 4.050966e-07
596 3.142930e-07
597 2.373576e-07
598 1.503737e-05
599 1.487560e-05
600 1.442591e-05
601 1.367292e-05
602 1.264426e-05
603 1.139996e-05
604 1.002489e-05
605 8.614342e-06
606 7.256780e-06
607 6.019907e-06
608 4.945144e-06
609 4.047794e-06
610 3.322135e-06
611 2.748138e-06
612 2.298604e-06
613 1.944723e-06
614 1.660104e-06
615 1.423413e-06
616 1.218659e-06
617 1.036340e-06
618 8.719475e-07
619 7.136865e-07
620 5.688947e-07
621 4.481106e-07
622 3.471020e-07
623 2.611673e-07
624 1.964118e-05
625 1.911203e-05
626 1.821172e-05
627 1.695706e-05
628 1.541749e-05
629 1.369104e-05
630 1.188973e-05
631 1.012285e-05
632 8.480978e-06
633 7.025463e-06
634 5.786882e-06
635 4.767172e-06
636 3.948340e-06
637 3.299705e-06
638 2.785926e-06
639 2.373046e-06
640 2.031854e-06
641 1.739859e-06
642 1.481755e-06
643 1.249227e-06
644 1.033321e-06
645 8.325287e-07
646 6.594178e-07
647 5.140907e-07
648 3.912517e-07
649 2.885284e-07
650 2.568405e-05
651 2.479708e-05
652 2.342425e-05
653 2.161007e-05
654 1.946624e-05
655 1.713420e-05
656 1.476315e-05
657 1.248916e-05
658 1.041741e-05
659 8.611858e-06
660 7.096684e-06
661 5.862780e-06
662 4.878554e-06
663 4.100224e-06
664 3.481061e-06
665 2.978033e-06
666 2.556001e-06
667 2.188774e-06
668 1.860110e-06
669 1.561778e-06
670 1.279246e-06
671 1.022236e-06
672 8.054645e-07
673 6.233093e-07
674 4.691936e-07
675 3.414450e-07
676 3.119251e-05
677 2.999572e-05
678 2.820412e-05
679 2.588678e-05
680 2.319410e-05
681 2.030802e-05
682 1.741295e-05
683 1.467058e-05
684 1.220035e-05
685 1.006952e-05
686 8.297359e-06
687 6.864675e-06
688 5.727591e-06
689 4.829960e-06
690 4.114392e-06
691 3.529591e-06
692 3.034392e-06
693 2.599119e-06
694 2.206801e-06
695 1.848969e-06
696 1.505152e-06
697 1.196701e-06
698 9.406567e-07
699 7.250020e-07
700 5.414225e-07
701 3.909068e-07
702 3.903525e-05
703 3.701351e-05
704 3.432432e-05
705 3.109976e-05
706 2.755180e-05
707 2.390508e-05
708 2.036598e-05
709 1.710067e-05
710 1.421990e-05
711 1.177362e-05
712 9.760273e-06
713 8.139919e-06
714 6.850584e-06
715 5.821845e-06
716 4.986458e-06
717 4.287358e-06
718 3.681228e-06
719 3.139374e-06
720 2.647265e-06
721 2.186220e-06
722 1.758644e-06
723 1.391410e-06
724 1.082838e-06
725 8.219973e-07
726 6.043588e-07
727 4.291866e-07
728 5.292381e-05
729 4.964714e-05
730 4.553877e-05
731 4.082316e-05
732 3.581330e-05
733 3.081426e-05
734 2.608509e-05
735 2.181713e-05
736 1.812228e-05
737 1.503288e-05
738 1.251915e-05
739 1.050873e-05
740 8.908569e-06
741 7.621554e-06
742 6.560208e-06
743 5.654005e-06
744 4.852388e-06
745 4.125784e-06
746 3.459120e-06
747 2.822991e-06
748 2.249841e-06
749 1.768669e-06
750 1.363776e-06
751 1.021524e-06
752 7.390619e-07
753 5.159259e-07
754 8.614952e-05
755 7.896529e-05
756 7.090143e-05
757 6.238712e-05
758 5.392161e-05
759 4.592061e-05
760 3.868232e-05
761 3.238286e-05
762 2.708092e-05
763 2.273135e-05
764 1.922026e-05
765 1.639640e-05
766 1.410130e-05
767 1.218781e-05
768 1.053802e-05
769 9.066652e-06
770 7.724398e-06
771 6.482816e-06
772 5.306983e-06
773 4.241241e-06
774 3.336868e-06
775 2.575545e-06
776 1.933707e-06
777 1.404163e-06
778 9.847529e-07
779 6.680221e-07
780 1.392421e-04
781 1.312048e-04
782 1.203893e-04
783 1.073128e-04
784 9.279168e-05
785 7.789469e-05
786 6.372753e-05
787 5.117657e-05
788 4.073446e-05
789 3.248649e-05
790 2.621867e-05
791 2.156457e-05
792 1.811968e-05
793 1.551416e-05
794 1.344821e-05
795 1.170377e-05
796 1.013936e-05
797 8.676856e-06
798 7.285656e-06
799 5.968295e-06
800 4.752279e-06
801 3.628585e-06
802 2.599301e-06
803 1.888527e-06
804 1.393281e-06
805 9.316415e-07
806 8.943047e-04
807 8.139846e-04
808 7.209112e-04
809 6.212769e-04
810 5.217706e-04
811 4.287547e-04
812 3.470219e-04
813 2.790914e-04
814 2.252169e-04
815 1.838726e-04
816 1.527188e-04
817 1.292324e-04
818 1.110369e-04
819 9.626994e-05
820 8.360893e-05
821 7.214473e-05
822 6.142380e-05
823 5.129102e-05
824 4.177619e-05
825 3.302929e-05
826 2.515513e-05
827 1.832222e-05
828 1.329394e-05
829 9.523134e-06
830 6.374768e-06
831 3.882451e-06
832 1.371662e-03
833 1.240826e-03
834 1.092121e-03
835 9.356788e-04
836 7.819404e-04
837 6.404034e-04
838 5.178227e-04
839 4.170968e-04
840 3.376674e-04
841 2.769978e-04
842 2.312640e-04
843 1.965922e-04
844 1.694942e-04
845 1.472101e-04
846 1.277901e-04
847 1.100412e-04
848 9.336035e-05
849 7.758445e-05
850 6.282783e-05
851 4.932847e-05
852 3.720396e-05
853 2.694771e-05
854 1.964177e-05
855 1.390756e-05
856 9.116852e-06
857 5.464919e-06
858 1.673685e-03
859 1.510923e-03
860 1.327066e-03
861 1.134788e-03
862 9.469248e-04
863 7.748291e-04
864 6.262550e-04
865 5.045140e-04
866 4.089393e-04
867 3.360096e-04
868 2.810578e-04
869 2.393403e-04
870 2.065618e-04
871 1.794530e-04
872 1.557735e-04
873 1.340528e-04
874 1.136021e-04
875 9.425658e-05
876 7.617899e-05
877 5.967135e-05
878 4.485939e-05
879 3.243124e-05
880 2.367209e-05
881 1.669658e-05
882 1.086531e-05
883 6.475492e-06
884 1.960890e-03
885 1.767838e-03
886 1.550599e-03
887 1.324225e-03
888 1.103815e-03
889 9.025626e-04
890 7.293227e-04
891 5.877117e-04
892 4.767352e-04
893 3.921369e-04
894 3.283918e-04
895 2.799375e-04
896 2.417708e-04
897 2.101133e-04
898 1.823879e-04
899 1.568865e-04
900 1.328489e-04
901 1.101073e-04
902 8.886953e-05
903 6.949964e-05
904 5.213347e-05
905 3.764674e-05
906 2.750243e-05
907 1.934894e-05
908 1.252679e-05
909 7.436509e-06
910 -3.305088e-05
911 -2.886819e-05
912 -2.462843e-05
913 -2.062309e-05
914 -1.705455e-05
915 -1.402669e-05
916 -1.155242e-05
917 -9.583296e-06
918 -8.039081e-06
919 -6.829477e-06
920 -5.867342e-06
921 -5.078075e-06
922 -4.403446e-06
923 -3.802689e-06
924 -3.250776e-06
925 -2.735824e-06
926 -2.255708e-06
927 -1.814344e-06
928 -1.417800e-06
929 -1.066999e-06
930 -7.646749e-07
931 -5.901987e-07
932 -4.244560e-07
933 -2.693891e-07
934 -1.671529e-07
935 -1.035119e-07
936 1.464802e-04
937 1.265514e-04
938 1.062357e-04
939 8.707270e-05
940 7.020524e-05
941 5.624540e-05
942 4.526262e-05
943 3.694360e-05
944 3.078468e-05
945 2.623667e-05
946 2.279072e-05
947 2.003215e-05
948 1.765760e-05
949 1.547234e-05
950 1.337267e-05
951 1.132536e-05
952 9.345788e-06
953 7.477154e-06
954 5.771785e-06
955 4.267012e-06
956 2.884795e-06
957 2.135309e-06
958 1.553708e-06
959 9.025512e-07
960 4.743777e-07
961 2.357230e-07
962 8.117304e-04
963 6.940556e-04
964 5.788823e-04
965 4.739272e-04
966 3.839173e-04
967 3.106392e-04
968 2.534083e-04
969 2.099841e-04
970 1.774361e-04
971 1.528028e-04
972 1.334671e-04
973 1.173738e-04
974 1.030717e-04
975 8.967760e-05
976 7.677286e-05
977 6.429533e-05
978 5.241220e-05
979 4.139150e-05
980 3.149914e-05
981 2.271253e-05
982 1.582425e-05
983 1.195789e-05
984 7.965609e-06
985 4.568975e-06
986 2.472885e-06
987 1.299303e-06
988 1.331220e-03
989 1.135812e-03
990 9.459824e-04
991 7.741109e-04
992 6.274578e-04
993 5.084835e-04
994 4.157509e-04
995 3.454196e-04
996 2.926194e-04
997 2.524979e-04
998 2.208084e-04
999 1.942433e-04
1000 1.704889e-04
1001 1.481612e-04
1002 1.266311e-04
1003 1.058331e-04
1004 8.606416e-05
1005 6.778639e-05
1006 5.142072e-05
1007 3.687644e-05
1008 2.589193e-05
1009 1.951847e-05
1010 1.280673e-05
1011 7.320758e-06
1012 3.968539e-06
1013 2.094485e-06
1014 1.813578e-03
1015 1.546086e-03
1016 1.286977e-03
1017 1.052969e-03
1018 8.536909e-04
1019 6.922462e-04
1020 5.665089e-04
1021 4.711597e-04
1022 3.995305e-04
1023 3.450135e-04
1024 3.018487e-04
1025 2.655643e-04
1026 2.330433e-04
1027 2.024333e-04
1028 1.729048e-04
1029 1.443905e-04
1030 1.173102e-04
1031 9.230053e-05
1032 6.992906e-05
1033 5.004400e-05
1034 3.524311e-05
1035 2.654505e-05
1036 1.731263e-05
1037 9.883230e-06
1038 5.361602e-06
1039 2.835167e-06
1040 -3.885727e-06
1041 -3.607955e-06
1042 -3.297316e-06
1043 -2.966999e-06
1044 -2.627889e-06
1045 -2.290889e-06
1046 -1.967006e-06
1047 -1.666333e-06
1048 -1.396610e-06
1049 -1.162306e-06
1050 -9.642728e-07
1051 -8.003202e-07
1052 -6.661819e-07
1053 -5.566717e-07
1054 -4.666025e-07
1055 -3.914366e-07
1056 -3.275986e-07
1057 -2.725028e-07
1058 -2.243404e-07
1059 -1.812975e-07
1060 -1.467888e-07
1061 -1.172801e-07
1062 -8.891322e-08
1063 -6.632780e-08
1064 -4.902339e-08
1065 -3.551627e-08
1066 -3.819111e-05
1067 -3.253153e-05
1068 -2.732561e-05
1069 -2.277888e-05
1070 -1.894997e-05
1071 -1.581638e-05
1072 -1.330454e-05
1073 -1.131038e-05
1074 -9.719562e-06
1075 -8.425378e-06
1076 -7.336926e-06
1077 -6.384265e-06
1078 -5.518997e-06
1079 -4.713464e-06
1080 -3.956837e-06
1081 -3.250656e-06
1082 -2.603332e-06
1083 -2.024614e-06
1084 -1.510627e-06
1085 -1.087056e-06
1086 -8.614480e-07
1087 -5.880567e-07
1088 -3.731979e-07
1089 -2.353968e-07
1090 -1.477195e-07
1091 -9.206929e-08
1092 2.172761e-04
1093 1.806936e-04
1094 1.476739e-04
1095 1.197162e-04
1096 9.718429e-05
1097 7.973117e-05
1098 6.659325e-05
1099 5.681592e-05
1100 4.943590e-05
1101 4.361905e-05
1102 3.871376e-05
1103 3.426817e-05
1104 3.001173e-05
1105 2.582896e-05
1106 2.171869e-05
1107 1.775493e-05
1108 1.404729e-05
1109 1.070361e-05
1110 7.755901e-06
1111 5.222363e-06
1112 4.032338e-06
1113 2.719752e-06
1114 1.522133e-06
1115 7.977602e-07
1116 4.005509e-07
1117 1.958480e-07
1118 8.390906e-04
1119 6.973442e-04
1120 5.712301e-04
1121 4.654570e-04
1122 3.805893e-04
1123 3.148365e-04
1124 2.650739e-04
1125 2.276113e-04
1126 1.988311e-04
1127 1.756626e-04
1128 1.557423e-04
1129 1.374613e-04
1130 1.198880e-04
1131 1.026673e-04
1132 8.586059e-05
1133 6.979521e-05
1134 5.490644e-05
1135 4.158624e-05
1136 2.975932e-05
1137 2.060103e-05
1138 1.586692e-05
1139 1.025131e-05
1140 5.779664e-06
1141 3.107783e-06
1142 1.628681e-06
1143 8.403468e-07
1144 1.448909e-03
1145 1.203776e-03
1146 9.863959e-04
1147 8.045019e-04
1148 6.587532e-04
1149 5.458759e-04
1150 4.603889e-04
1151 3.958984e-04
1152 3.461786e-04
1153 3.059701e-04
1154 2.712459e-04
1155 2.392910e-04
1156 2.085446e-04
1157 1.783914e-04
1158 1.489808e-04
1159 1.209289e-04
1160 9.500095e-05
1161 7.184103e-05
1162 5.124119e-05
1163 3.569383e-05
1164 2.744309e-05
1165 1.759078e-05
1166 9.921939e-06
1167 5.356273e-06
1168 2.819467e-06
1169 1.465431e-06
1170 -4.738073e-07
1171 -4.609979e-07
1172 -4.396205e-07
1173 -4.100225e-07
1174 -3.733168e-07
1175 -3.315382e-07
1176 -2.873521e-07
1177 -2.435647e-07
1178 -2.026221e-07
1179 -1.662657e-07
1180 -1.353911e-07
1181 -1.101243e-07
1182 -9.001682e-08
1183 -7.428409e-08
1184 -6.201630e-08
1185 -5.233599e-08
1186 -4.449368e-08
1187 -3.791013e-08
1188 -3.217882e-08
1189 -2.705659e-08
1190 -2.243385e-08
1191 -1.815052e-08
1192 -1.427670e-08
1193 -1.104251e-08
1194 -8.392854e-09
1195 -6.192183e-09
1196 -5.184069e-06
1197 -4.445386e-06
1198 -3.770888e-06
1199 -3.179897e-06
1200 -2.676309e-06
1201 -2.256748e-06
1202 -1.912818e-06
1203 -1.632873e-06
1204 -1.404011e-06
1205 -1.213978e-06
1206 -1.052055e-06
1207 -9.097916e-07
1208 -7.812134e-07
1209 -6.628404e-07
1210 -5.532327e-07
1211 -4.524410e-07
1212 -3.612962e-07
1213 -2.804928e-07
1214 -2.076470e-07
1215 -1.590072e-07
1216 -1.211101e-07
1217 -8.151179e-08
1218 -5.371645e-08
1219 -3.527205e-08
1220 -2.297691e-08
1221 -1.473049e-08
1222 -1.777011e-05
1223 -1.483711e-05
1224 -1.238741e-05
1225 -1.041137e-05
1226 -8.847589e-06
1227 -7.620447e-06
1228 -6.651195e-06
1229 -5.866034e-06
1230 -5.201873e-06
1231 -4.610669e-06
1232 -4.059232e-06
1233 -3.528848e-06
1234 -3.013086e-06
1235 -2.515305e-06
1236 -2.044793e-06
1237 -1.612950e-06
1238 -1.229575e-06
1239 -8.910881e-07
1240 -6.161645e-07
1241 -5.133899e-07
1242 -3.195206e-07
1243 -1.894046e-07
1244 -1.136488e-07
1245 -6.824048e-08
1246 -4.101847e-08
1247 -2.442136e-08
1248 3.444361e-04
1249 2.838494e-04
1250 2.329083e-04
1251 1.919010e-04
1252 1.600131e-04
1253 1.357470e-04
1254 1.173732e-04
1255 1.031970e-04
1256 9.172799e-05
1257 8.181253e-05
1258 7.265091e-05
1259 6.378271e-05
1260 5.501416e-05
1261 4.635144e-05
1262 3.799004e-05
1263 3.015446e-05
1264 2.308253e-05
1265 1.685008e-05
1266 1.146983e-05
1267 8.841471e-06
1268 6.048277e-06
1269 3.476785e-06
1270 1.897041e-06
1271 1.004701e-06
1272 5.257547e-07
1273 2.714820e-07
1274 1.053357e-03
1275 8.687289e-04
1276 7.141687e-04
1277 5.905922e-04
1278 4.947253e-04
1279 4.217414e-04
1280 3.662673e-04
1281 3.231027e-04
1282 2.877575e-04
1283 2.568097e-04
1284 2.279106e-04
1285 1.997334e-04
1286 1.717998e-04
1287 1.442979e-04
1288 1.178253e-04
1289 9.315062e-05
1290 7.097729e-05
1291 5.137307e-05
1292 3.517498e-05
1293 2.729585e-05
1294 1.813196e-05
1295 1.036124e-05
1296 5.653058e-06
1297 3.005834e-06
1298 1.581322e-06
1299 8.220177e-07
1300 2.890194e-06
1301 2.817466e-06
1302 2.690754e-06
1303 2.511913e-06
1304 2.287847e-06
1305 2.031402e-06
1306 1.759457e-06
1307 1.489751e-06
1308 1.237686e-06
1309 1.014160e-06
1310 8.247310e-07
1311 6.701133e-07
1312 5.474100e-07
1313 4.516706e-07
1314 3.772579e-07
1315 3.186708e-07
1316 2.712701e-07
1317 2.314689e-07
1318 1.967701e-07
1319 1.656754e-07
1320 1.374467e-07
1321 1.112033e-07
1322 8.744230e-08
1323 6.766333e-08
1324 5.144632e-08
1325 3.793688e-08
1326 9.948434e-06
1327 9.244306e-06
1328 8.391444e-06
1329 7.440580e-06
1330 6.449078e-06
1331 5.475707e-06
1332 4.571050e-06
1333 3.769918e-06
1334 3.089449e-06
1335 2.531153e-06
1336 2.084777e-06
1337 1.733142e-06
1338 1.456463e-06
1339 1.235739e-06
1340 1.054730e-06
1341 9.009329e-07
1342 7.657328e-07
1343 6.439422e-07
1344 5.330911e-07
1345 4.322048e-07
1346 3.403547e-07
1347 2.619427e-07
1348 1.990011e-07
1349 1.472150e-07
1350 1.047095e-07
1351 7.146064e-08
1352 1.353882e-05
1353 1.259012e-05
1354 1.133650e-05
1355 9.900783e-06
1356 8.408908e-06
1357 6.972587e-06
1358 5.675118e-06
1359 4.565609e-06
1360 3.660906e-06
1361 2.952350e-06
1362 2.413971e-06
1363 2.011091e-06
1364 1.708821e-06
1365 1.479647e-06
1366 1.301493e-06
1367 1.144374e-06
1368 9.948592e-07
1369 8.631949e-07
1370 7.169897e-07
1371 5.663899e-07
1372 4.547970e-07
1373 3.585715e-07
1374 2.721046e-07
1375 1.967565e-07
1376 1.358405e-07
1377 9.007584e-08
1378 5.293584e-05
1379 4.530462e-05
1380 3.839889e-05
1381 3.238241e-05
1382 2.728092e-05
1383 2.305047e-05
1384 1.959629e-05
1385 1.679086e-05
1386 1.449453e-05
1387 1.257642e-05
1388 1.092459e-05
1389 9.454125e-06
1390 8.108595e-06
1391 6.858726e-06
1392 5.696636e-06
1393 4.628467e-06
1394 3.668727e-06
1395 2.792240e-06
1396 2.076362e-06
1397 1.634535e-06
1398 1.142078e-06
1399 7.687907e-07
1400 5.078904e-07
1401 3.290623e-07
1402 2.088385e-07
1403 1.296551e-07
1404 6.576781e-04
1405 5.477062e-04
1406 4.585829e-04
1407 3.886739e-04
1408 3.347692e-04
1409 2.930440e-04
1410 2.600385e-04
1411 2.327142e-04
1412 2.086074e-04
1413 1.860257e-04
1414 1.639754e-04
1415 1.420724e-04
1416 1.203620e-04
1417 9.921684e-05
1418 7.933543e-05
1419 6.132908e-05
1420 4.537740e-05
1421 3.126964e-05
1422 2.381526e-05
1423 1.689637e-05
1424 1.006942e-05
1425 5.713577e-06
1426 3.171543e-06
1427 1.746353e-06
1428 9.501078e-07
1429 5.180603e-07
1430 1.476405e-01
1431 1.188943e-01
1432 9.534649e-02
1433 7.670241e-02
1434 6.232494e-02
1435 5.135199e-02
1436 4.288574e-02
1437 3.614905e-02
1438 3.055946e-02
1439 2.572945e-02
1440 2.143304e-02
1441 1.756053e-02
1442 1.407694e-02
1443 1.098645e-02
1444 8.306749e-03
1445 6.051609e-03
1446 4.221143e-03
1447 2.797523e-03
1448 1.745051e-03
1449 1.014139e-03
1450 5.553994e-04
1451 3.117759e-04
1452 1.051776e-04
1453 -3.724665e-05
1454 -7.196372e-05
1455 -5.206819e-05
1456 1.188456e-01
1457 9.675700e-02
1458 7.967061e-02
1459 6.648908e-02
1460 5.615152e-02
1461 4.777000e-02
1462 4.069104e-02
1463 3.448193e-02
1464 2.889175e-02
1465 2.380348e-02
1466 1.918830e-02
1467 1.506361e-02
1468 1.146274e-02
1469 8.412800e-03
1470 5.921769e-03
1471 3.971983e-03
1472 2.519700e-03
1473 1.499861e-03
1474 8.363096e-04
1475 4.820713e-04
1476 2.822361e-04
1477 -2.296783e-05
1478 -8.226043e-05
1479 -4.868010e-05
1480 -2.333880e-05
1481 -9.668770e-06
1482 9.683721e-02
1483 8.078871e-02
1484 6.821992e-02
1485 5.813742e-02
1486 4.977243e-02
1487 4.256250e-02
1488 3.613833e-02
1489 3.029470e-02
1490 2.494715e-02
1491 2.008582e-02
1492 1.574047e-02
1493 1.195121e-02
1494 8.748892e-03
1495 6.141481e-03
1496 4.108577e-03
1497 2.601254e-03
1498 1.548081e-03
1499 8.661823e-04
1500 5.056920e-04
1501 3.098408e-04
1502 -3.403554e-05
1503 -8.228247e-05
1504 -4.561347e-05
1505 -1.902318e-05
1506 -7.901299e-06
1507 -2.644413e-06
1508 7.785442e-02
1509 6.632541e-02
1510 5.693525e-02
1511 4.901194e-02
1512 4.208994e-02
1513 3.586260e-02
1514 3.015970e-02
1515 2.491435e-02
1516 2.012652e-02
1517 1.582953e-02
1518 1.206683e-02
1519 8.872215e-03
1520 6.257919e-03
1521 4.207736e-03
1522 2.677252e-03
1523 1.598837e-03
1524 8.919461e-04
1525 4.947885e-04
1526 3.324171e-04
1527 -1.356800e-05
1528 -9.216756e-05
1529 -5.340995e-05
1530 -2.453648e-05
1531 -1.013776e-05
1532 -3.212622e-06
1533 -1.459012e-06
1534 6.319240e-02
1535 5.466879e-02
1536 4.736441e-02
1537 4.088139e-02
1538 3.498495e-02
1539 2.954538e-02
1540 2.451359e-02
1541 1.989634e-02
1542 1.573108e-02
1543 1.206264e-02
1544 8.928084e-03
1545 6.343889e-03
1546 4.300237e-03
1547 2.759677e-03
1548 1.661572e-03
1549 9.308016e-04
1550 4.969416e-04
1551 3.390571e-04
1552 3.780629e-05
1553 -1.023702e-04
1554 -6.839885e-05
1555 -3.306185e-05
1556 -1.302953e-05
1557 -6.087818e-06
1558 -1.519060e-06
1559 -1.000231e-06
