0 9.343237e-06
1 8.117693e-06
2 6.961218e-06
3 5.884569e-06
4 4.910532e-06
5 4.054949e-06
6 3.323897e-06
7 2.714498e-06
8 2.218099e-06
9 1.817888e-06
10 1.495999e-06
11 1.234884e-06
12 1.019896e-06
13 8.395350e-07
14 6.855389e-07
15 5.526760e-07
16 4.377132e-07
17 3.388760e-07
18 2.551208e-07
19 1.857056e-07
20 1.298209e-07
21 8.635562e-08
22 5.411234e-08
23 3.145890e-08
24 1.585102e-08
25 5.477554e-09
26 1.406740e-05
27 1.212112e-05
28 1.030489e-05
29 8.639381e-06
30 7.158434e-06
31 5.881785e-06
32 4.811059e-06
33 3.932282e-06
34 3.223692e-06
35 2.654151e-06
36 2.194281e-06
37 1.817392e-06
38 1.502805e-06
39 1.234854e-06
40 1.003528e-06
41 8.025157e-07
42 6.284122e-07
43 4.794413e-07
44 3.544895e-07
45 2.525436e-07
46 1.719401e-07
47 1.110453e-07
48 6.792404e-08
49 3.773531e-08
50 1.691082e-08
51 3.848099e-09
52 1.552406e-05
53 1.336228e-05
54 1.134294e-05
55 9.492350e-06
56 7.849967e-06
57 6.438867e-06
58 5.260570e-06
59 4.298130e-06
60 3.524981e-06
61 2.905311e-06
62 2.405521e-06
63 1.995747e-06
64 1.652888e-06
65 1.360147e-06
66 1.106271e-06
67 8.848954e-07
68 6.926522e-07
69 5.278150e-07
70 3.894129e-07
71 2.763831e-07
72 1.870474e-07
73 1.203593e-07
74 7.352288e-08
75 4.036560e-08
76 1.747351e-08
77 3.351606e-09
78 1.648120e-05
79 1.417746e-05
80 1.202449e-05
81 1.005212e-05
82 8.303835e-06
83 6.804944e-06
84 5.556046e-06
85 4.538437e-06
86 3.722891e-06
87 3.070084e-06
88 2.544065e-06
89 2.112872e-06
90 1.751654e-06
91 1.442383e-06
92 1.173848e-06
93 9.391240e-07
94 7.349150e-07
95 5.596461e-07
96 4.123804e-07
97 2.920825e-07
98 1.969989e-07
99 1.264720e-07
100 7.720471e-08
101 4.210017e-08
102 1.783557e-08
103 3.027749e-09
104 1.739326e-05
105 1.495451e-05
106 1.267409e-05
107 1.058573e-05
108 8.736518e-06
109 7.153692e-06
110 5.837472e-06
111 4.767428e-06
112 3.911493e-06
113 3.227286e-06
114 2.676342e-06
115 2.224622e-06
116 1.845784e-06
117 1.520833e-06
118 1.238169e-06
119 9.907446e-07
120 7.751862e-07
121 5.899017e-07
122 4.342352e-07
123 3.069970e-07
124 2.064589e-07
125 1.322913e-07
126 8.069653e-08
127 4.374269e-08
128 1.818154e-08
129 2.716623e-09
130 3.060040e-05
131 2.588042e-05
132 2.165237e-05
133 1.794044e-05
134 1.477558e-05
135 1.214401e-05
136 9.992391e-06
137 8.245967e-06
138 6.829771e-06
139 5.668755e-06
140 4.702151e-06
141 3.882109e-06
142 3.176193e-06
143 2.562938e-06
144 2.030314e-06
145 1.571808e-06
146 1.183753e-06
147 8.630502e-07
148 6.057207e-07
149 4.067334e-07
150 2.599546e-07
151 1.577008e-07
152 8.632661e-08
153 3.790244e-08
154 9.068234e-09
155 -5.311862e-09
156 3.917929e-05
157 3.298697e-05
158 2.750189e-05
159 2.274197e-05
160 1.872615e-05
161 1.541254e-05
162 1.271444e-05
163 1.052362e-05
164 8.738420e-06
165 7.263467e-06
166 6.023794e-06
167 4.962619e-06
168 4.043060e-06
169 3.241773e-06
170 2.546689e-06
171 1.951234e-06
172 1.451292e-06
173 1.042646e-06
174 7.193292e-07
175 4.734768e-07
176 2.974784e-07
177 1.760144e-07
178 9.041942e-08
179 3.477959e-08
180 3.960114e-09
181 -9.994605e-09
182 4.440139e-05
183 3.731036e-05
184 3.105538e-05
185 2.565262e-05
186 2.111521e-05
187 1.738457e-05
188 1.435478e-05
189 1.189610e-05
190 9.889744e-06
191 8.227897e-06
192 6.826144e-06
193 5.621715e-06
194 4.574874e-06
195 3.660763e-06
196 2.867638e-06
197 2.188771e-06
198 1.620083e-06
199 1.156867e-06
200 7.919968e-07
201 5.163724e-07
202 3.223022e-07
203 1.884668e-07
204 9.365936e-08
205 3.317311e-08
206 7.945023e-10
207 -1.291640e-08
208 4.936655e-05
209 4.141995e-05
210 3.443314e-05
211 2.841901e-05
212 2.338548e-05
213 1.925866e-05
214 1.591348e-05
215 1.320003e-05
216 1.098359e-05
217 9.144178e-06
218 7.588357e-06
219 6.247837e-06
220 5.080007e-06
221 4.058786e-06
222 3.172406e-06
223 2.414303e-06
224 1.780350e-06
225 1.265368e-06
226 8.611337e-07
227 5.573496e-07
228 3.461303e-07
229 2.004150e-07
230 9.664402e-08
231 3.153164e-08
232 -2.119753e-09
233 -1.572558e-08
234 5.849886e-05
235 4.896723e-05
236 4.071331e-05
237 3.368470e-05
238 2.783516e-05
239 2.303655e-05
240 1.912035e-05
241 1.590547e-05
242 1.324023e-05
243 1.099565e-05
244 9.073817e-06
245 7.406694e-06
246 5.953956e-06
247 4.692324e-06
248 3.609843e-06
249 2.698956e-06
250 1.951980e-06
251 1.358613e-06
252 9.050311e-07
253 5.761452e-07
254 3.483168e-07
255 1.878792e-07
256 8.176166e-08
257 2.085995e-08
258 -8.474154e-09
259 -1.920703e-08
260 7.241490e-05
261 6.049004e-05
262 5.026307e-05
263 4.161478e-05
264 3.445550e-05
265 2.858950e-05
266 2.379023e-05
267 1.982800e-05
268 1.651735e-05
269 1.370538e-05
270 1.127929e-05
271 9.165318e-06
272 7.320696e-06
273 5.722381e-06
274 4.358690e-06
275 3.220641e-06
276 2.297439e-06
277 1.573777e-06
278 1.029809e-06
279 6.458457e-07
280 3.795914e-07
281 1.923209e-07
282 7.414957e-08
283 1.067176e-08
284 -1.722772e-08
285 -2.555602e-08
286 8.518810e-05
287 7.105939e-05
288 5.900777e-05
289 4.887105e-05
290 4.050563e-05
291 3.366122e-05
292 2.805585e-05
293 2.341272e-05
294 1.951561e-05
295 1.618828e-05
296 1.330433e-05
297 1.078379e-05
298 8.581720e-06
299 6.675477e-06
300 5.053595e-06
301 3.706401e-06
302 2.620441e-06
303 1.775884e-06
304 1.147743e-06
305 7.129901e-07
306 4.102889e-07
307 1.969112e-07
308 6.716760e-08
309 1.747711e-09
310 -2.537249e-08
311 -3.135795e-08
312 1.005085e-04
313 8.391630e-05
314 6.986601e-05
315 5.807739e-05
316 4.832747e-05
317 4.030065e-05
318 3.365956e-05
319 2.809256e-05
320 2.336410e-05
321 1.928868e-05
322 1.573928e-05
323 1.263820e-05
324 9.944012e-06
325 7.633964e-06
326 5.694299e-06
327 4.108386e-06
328 2.853090e-06
329 1.897708e-06
330 1.209050e-06
331 7.317813e-07
332 3.955031e-07
333 1.749359e-07
334 4.941368e-08
335 -1.065243e-08
336 -3.264946e-08
337 -3.584517e-08
338 1.294819e-04
339 1.081338e-04
340 9.018068e-05
341 7.516998e-05
342 6.275512e-05
343 5.248436e-05
344 4.392173e-05
345 3.667294e-05
346 3.045346e-05
347 2.504969e-05
348 2.032049e-05
349 1.618676e-05
350 1.260799e-05
351 9.561706e-06
352 7.030567e-06
353 4.988518e-06
354 3.398128e-06
355 2.212777e-06
356 1.383943e-06
357 8.073706e-07
358 4.040157e-07
359 1.544408e-07
360 2.353258e-08
361 -3.215876e-08
362 -4.779896e-08
363 -4.591426e-08
364 1.978098e-04
365 1.660268e-04
366 1.393833e-04
367 1.169996e-04
368 9.825569e-05
369 8.247266e-05
370 6.902555e-05
371 5.740540e-05
372 4.727136e-05
373 3.838888e-05
374 3.061662e-05
375 2.388315e-05
376 1.815018e-05
377 1.338128e-05
378 9.529505e-06
379 6.524358e-06
380 4.279272e-06
381 2.692038e-06
382 1.588643e-06
383 8.217502e-07
384 3.397507e-07
385 7.919064e-08
386 -3.741426e-08
387 -7.480581e-08
388 -7.551488e-08
389 -6.292759e-08
390 1.539849e-06
391 1.516207e-06
392 1.503731e-06
393 1.484531e-06
394 1.455558e-06
395 1.411693e-06
396 1.347043e-06
397 1.259426e-06
398 1.151808e-06
399 1.028563e-06
400 8.981679e-07
401 7.689385e-07
402 6.480773e-07
403 5.404173e-07
404 4.483093e-07
405 3.720457e-07
406 3.102540e-07
407 2.607087e-07
408 2.208363e-07
409 1.882268e-07
410 1.608125e-07
411 1.370063e-07
412 1.158899e-07
413 9.665892e-08
414 7.883167e-08
415 6.296584e-08
416 2.468936e-06
417 2.443581e-06
418 2.426975e-06
419 2.393082e-06
420 2.335913e-06
421 2.248003e-06
422 2.121956e-06
423 1.957771e-06
424 1.764255e-06
425 1.552277e-06
426 1.337188e-06
427 1.131962e-06
428 9.463179e-07
429 7.855849e-07
430 6.514301e-07
431 5.423241e-07
432 4.549179e-07
433 3.850384e-07
434 3.284052e-07
435 2.813172e-07
436 2.407176e-07
437 2.049576e-07
438 1.725361e-07
439 1.418552e-07
440 1.140478e-07
441 9.023582e-08
442 2.703191e-06
443 2.683343e-06
444 2.673176e-06
445 2.643709e-06
446 2.586956e-06
447 2.493799e-06
448 2.355435e-06
449 2.172036e-06
450 1.954033e-06
451 1.715277e-06
452 1.473518e-06
453 1.243896e-06
454 1.037247e-06
455 8.593792e-07
456 7.115835e-07
457 5.921465e-07
458 4.970139e-07
459 4.212646e-07
460 3.599906e-07
461 3.089835e-07
462 2.649616e-07
463 2.263205e-07
464 1.905767e-07
465 1.562846e-07
466 1.255250e-07
467 9.936172e-08
468 2.856705e-06
469 2.840614e-06
470 2.834744e-06
471 2.808438e-06
472 2.752194e-06
473 2.655610e-06
474 2.508737e-06
475 2.312595e-06
476 2.078634e-06
477 1.822168e-06
478 1.563141e-06
479 1.317627e-06
480 1.097034e-06
481 9.076948e-07
482 7.511062e-07
483 6.248678e-07
484 5.246160e-07
485 4.450122e-07
486 3.807083e-07
487 3.271608e-07
488 2.808865e-07
489 2.403513e-07
490 2.024447e-07
491 1.657782e-07
492 1.330732e-07
493 1.053649e-07
494 3.003758e-06
495 2.991081e-06
496 2.989293e-06
497 2.965696e-06
498 2.909768e-06
499 2.809839e-06
500 2.654996e-06
501 2.446723e-06
502 2.197467e-06
503 1.924186e-06
504 1.648521e-06
505 1.387733e-06
506 1.153934e-06
507 9.537754e-07
508 7.887402e-07
509 6.561015e-07
510 5.509735e-07
511 4.676547e-07
512 4.005001e-07
513 3.445098e-07
514 2.960808e-07
515 2.537282e-07
516 2.137413e-07
517 1.748227e-07
518 1.402630e-07
519 1.110791e-07
520 6.727022e-06
521 6.627364e-06
522 6.490692e-06
523 6.263794e-06
524 5.943701e-06
525 5.530761e-06
526 5.034016e-06
527 4.478805e-06
528 3.903088e-06
529 3.339982e-06
530 2.818842e-06
531 2.358068e-06
532 1.966122e-06
533 1.642210e-06
534 1.379834e-06
535 1.168685e-06
536 9.975052e-07
537 8.556858e-07
538 7.344436e-07
539 6.276215e-07
540 5.313799e-07
541 4.428927e-07
542 3.596544e-07
543 2.861651e-07
544 2.243056e-07
545 1.720803e-07
546 9.143387e-06
547 8.984692e-06
548 8.757842e-06
549 8.397517e-06
550 7.904125e-06
551 7.287456e-06
552 6.569747e-06
553 5.792218e-06
554 5.007950e-06
555 4.259689e-06
556 3.581361e-06
557 2.991954e-06
558 2.497480e-06
559 2.092890e-06
560 1.766851e-06
561 1.504054e-06
562 1.289209e-06
563 1.108751e-06
564 9.519763e-07
565 8.118046e-07
566 6.848656e-07
567 5.652198e-07
568 4.541550e-07
569 3.591721e-07
570 2.794982e-07
571 2.119887e-07
572 1.056541e-05
573 1.038140e-05
574 1.011063e-05
575 9.678940e-06
576 9.088194e-06
577 8.353114e-06
578 7.504731e-06
579 6.593181e-06
580 5.681527e-06
581 4.819726e-06
582 4.044328e-06
583 3.375257e-06
584 2.817433e-06
585 2.363172e-06
586 1.998403e-06
587 1.704539e-06
588 1.463792e-06
589 1.260665e-06
590 1.083034e-06
591 9.235653e-07
592 7.788526e-07
593 6.402602e-07
594 5.123765e-07
595 4.043513e-07
596 3.138515e-07
597 2.370958e-07
598 1.191736e-05
599 1.170880e-05
600 1.139722e-05
601 1.089724e-05
602 1.021437e-05
603 9.366680e-06
604 8.393760e-06
605 7.354722e-06
606 6.322107e-06
607 5.352196e-06
608 4.484465e-06
609 3.739674e-06
610 3.121562e-06
611 2.620094e-06
612 2.218441e-06
613 1.895073e-06
614 1.629733e-06
615 1.405039e-06
616 1.207596e-06
617 1.029749e-06
618 8.680485e-07
619 7.113958e-07
620 5.675629e-07
621 4.473315e-07
622 3.466399e-07
623 2.608919e-07
624 1.552890e-05
625 1.508228e-05
626 1.447502e-05
627 1.362849e-05
628 1.257738e-05
629 1.136961e-05
630 1.006614e-05
631 8.741039e-06
632 7.473412e-06
633 6.317027e-06
634 5.304024e-06
635 4.447073e-06
636 3.740949e-06
637 3.168005e-06
638 2.703569e-06
639 2.322197e-06
640 2.000804e-06
641 1.721091e-06
642 1.470471e-06
643 1.242506e-06
644 1.029361e-06
645 8.302068e-07
646 6.580594e-07
647 5.132906e-07
648 3.907773e-07
649 2.882464e-07
650 2.026288e-05
651 1.957756e-05
652 1.866526e-05
653 1.743690e-05
654 1.596181e-05
655 1.431287e-05
656 1.257946e-05
657 1.085890e-05
658 9.246224e-06
659 7.799398e-06
660 6.549498e-06
661 5.503862e-06
662 4.648213e-06
663 3.954953e-06
664 3.390736e-06
665 2.922587e-06
666 2.522234e-06
667 2.168450e-06
668 1.847930e-06
669 1.554543e-06
670 1.274998e-06
671 1.019752e-06
672 8.040066e-07
673 6.224471e-07
674 4.686808e-07
675 3.411400e-07
676 2.457580e-05
677 2.368352e-05
678 2.249930e-05
679 2.093244e-05
680 1.907183e-05
681 1.702021e-05
682 1.489249e-05
683 1.280683e-05
684 1.087492e-05
685 9.158985e-06
686 7.689711e-06
687 6.469381e-06
688 5.475530e-06
689 4.671908e-06
690 4.016597e-06
691 3.469768e-06
692 2.998079e-06
693 2.577329e-06
694 2.193777e-06
695 1.841254e-06
696 1.500638e-06
697 1.194070e-06
698 9.391043e-07
699 7.240789e-07
700 5.408766e-07
701 3.905796e-07
702 3.081289e-05
703 2.936224e-05
704 2.756349e-05
705 2.534572e-05
706 2.285153e-05
707 2.022148e-05
708 1.758659e-05
709 1.507512e-05
710 1.279726e-05
711 1.080618e-05
712 9.119737e-06
713 7.725573e-06
714 6.587511e-06
715 5.657237e-06
716 4.884971e-06
717 4.225324e-06
718 3.643692e-06
719 3.116875e-06
720 2.633838e-06
721 2.178287e-06
722 1.754008e-06
723 1.388691e-06
724 1.081232e-06
725 8.210436e-07
726 6.037915e-07
727 4.288508e-07
728 4.181793e-05
729 3.951550e-05
730 3.675122e-05
731 3.348027e-05
732 2.992252e-05
733 2.627576e-05
734 2.271975e-05
735 1.940542e-05
736 1.645483e-05
737 1.391507e-05
738 1.178785e-05
739 1.004050e-05
740 8.613697e-06
741 7.438211e-06
742 6.447825e-06
743 5.585613e-06
744 4.811197e-06
745 4.101175e-06
746 3.444481e-06
747 2.814390e-06
748 2.244823e-06
749 1.765718e-06
750 1.362024e-06
751 1.020480e-06
752 7.384407e-07
753 5.155607e-07
754 6.862538e-05
755 6.360291e-05
756 5.805752e-05
757 5.201645e-05
758 4.586692e-05
759 3.990629e-05
760 3.434966e-05
761 2.935775e-05
762 2.503631e-05
763 2.138633e-05
764 1.835346e-05
765 1.584826e-05
766 1.375960e-05
767 1.197714e-05
768 1.040959e-05
769 8.989050e-06
770 7.677890e-06
771 6.455192e-06
772 5.290653e-06
773 4.231701e-06
774 3.331276e-06
775 2.572229e-06
776 1.931730e-06
777 1.402984e-06
778 9.840555e-07
779 6.676156e-07
780 1.392421e-04
781 1.312048e-04
782 1.203893e-04
783 1.073128e-04
784 9.279168e-05
785 7.789469e-05
786 6.372753e-05
787 5.117657e-05
788 4.073446e-05
789 3.248649e-05
790 2.621867e-05
791 2.156457e-05
792 1.811968e-05
793 1.551416e-05
794 1.344821e-05
795 1.170377e-05
796 1.013936e-05
797 8.676856e-06
798 7.285656e-06
799 5.968295e-06
800 4.752279e-06
801 3.628585e-06
802 2.599301e-06
803 1.888527e-06
804 1.393281e-06
805 9.316415e-07
806 8.943047e-04
807 8.139846e-04
808 7.209112e-04
809 6.212769e-04
810 5.217706e-04
811 4.287547e-04
812 3.470219e-04
813 2.790914e-04
814 2.252169e-04
815 1.838726e-04
816 1.527188e-04
817 1.292324e-04
818 1.110369e-04
819 9.626994e-05
820 8.360893e-05
821 7.214473e-05
822 6.142380e-05
823 5.129102e-05
824 4.177619e-05
825 3.302929e-05
826 2.515513e-05
827 1.832222e-05
828 1.329394e-05
829 9.523134e-06
830 6.374768e-06
831 3.882451e-06
832 1.371662e-03
833 1.240826e-03
834 1.092121e-03
835 9.356788e-04
836 7.819404e-04
837 6.404034e-04
838 5.178227e-04
839 4.170968e-04
840 3.376674e-04
841 2.769978e-04
842 2.312640e-04
843 1.965922e-04
844 1.694942e-04
845 1.472101e-04
846 1.277901e-04
847 1.100412e-04
848 9.336035e-05
849 7.758445e-05
850 6.282783e-05
851 4.932847e-05
852 3.720396e-05
853 2.694771e-05
854 1.964177e-05
855 1.390756e-05
856 9.116852e-06
857 5.464919e-06
858 1.673685e-03
859 1.510923e-03
860 1.327066e-03
861 1.134788e-03
862 9.469248e-04
863 7.748291e-04
864 6.262550e-04
865 5.045140e-04
866 4.089393e-04
867 3.360096e-04
868 2.810578e-04
869 2.393403e-04
870 2.065618e-04
871 1.794530e-04
872 1.557735e-04
873 1.340528e-04
874 1.136021e-04
875 9.425658e-05
876 7.617899e-05
877 5.967135e-05
878 4.485939e-05
879 3.243124e-05
880 2.367209e-05
881 1.669658e-05
882 1.086531e-05
883 6.475492e-06
884 1.960890e-03
885 1.767838e-03
886 1.550599e-03
887 1.324225e-03
888 1.103815e-03
889 9.025626e-04
890 7.293227e-04
891 5.877117e-04
892 4.767352e-04
893 3.921369e-04
894 3.283918e-04
895 2.799375e-04
896 2.417708e-04
897 2.101133e-04
898 1.823879e-04
899 1.568865e-04
900 1.328489e-04
901 1.101073e-04
902 8.886953e-05
903 6.949964e-05
904 5.213347e-05
905 3.764674e-05
906 2.750243e-05
907 1.934894e-05
908 1.252679e-05
909 7.436509e-06
910 -3.305088e-05
911 -2.886819e-05
912 -2.462843e-05
913 -2.062309e-05
914 -1.705455e-05
915 -1.402669e-05
916 -1.155242e-05
917 -9.583296e-06
918 -8.039081e-06
919 -6.829477e-06
920 -5.867342e-06
921 -5.078075e-06
922 -4.403446e-06
923 -3.802689e-06
924 -3.250776e-06
925 -2.735824e-06
926 -2.255708e-06
927 -1.814344e-06
928 -1.417800e-06
929 -1.066999e-06
930 -7.646749e-07
931 -5.901987e-07
932 -4.244560e-07
933 -2.693891e-07
934 -1.671529e-07
935 -1.035119e-07
936 1.464802e-04
937 1.265514e-04
938 1.062357e-04
939 8.707270e-05
940 7.020524e-05
941 5.624540e-05
942 4.526262e-05
943 3.694360e-05
944 3.078468e-05
945 2.623667e-05
946 2.279072e-05
947 2.003215e-05
948 1.765760e-05
949 1.547234e-05
950 1.337267e-05
951 1.132536e-05
952 9.345788e-06
953 7.477154e-06
954 5.771785e-06
955 4.267012e-06
956 2.884795e-06
957 2.135309e-06
958 1.553708e-06
959 9.025512e-07
960 4.743777e-07
961 2.357230e-07
962 8.117304e-04
963 6.940556e-04
964 5.788823e-04
965 4.739272e-04
966 3.839173e-04
967 3.106392e-04
968 2.534083e-04
969 2.099841e-04
970 1.774361e-04
971 1.528028e-04
972 1.334671e-04
973 1.173738e-04
974 1.030717e-04
975 8.967760e-05
976 7.677286e-05
977 6.429533e-05
978 5.241220e-05
979 4.139150e-05
980 3.149914e-05
981 2.271253e-05
982 1.582425e-05
983 1.195789e-05
984 7.965609e-06
985 4.568975e-06
986 2.472885e-06
987 1.299303e-06
988 1.331220e-03
989 1.135812e-03
990 9.459824e-04
991 7.741109e-04
992 6.274578e-04
993 5.084835e-04
994 4.157509e-04
995 3.454196e-04
996 2.926194e-04
997 2.524979e-04
998 2.208084e-04
999 1.942433e-04
1000 1.704889e-04
1001 1.481612e-04
1002 1.266311e-04
1003 1.058331e-04
1004 8.606416e-05
1005 6.778639e-05
1006 5.142072e-05
1007 3.687644e-05
1008 2.589193e-05
1009 1.951847e-05
1010 1.280673e-05
1011 7.320758e-06
1012 3.968539e-06
1013 2.094485e-06
1014 1.813578e-03
1015 1.546086e-03
1016 1.286977e-03
1017 1.052969e-03
1018 8.536909e-04
1019 6.922462e-04
1020 5.665089e-04
1021 4.711597e-04
1022 3.995305e-04
1023 3.450135e-04
1024 3.018487e-04
1025 2.655643e-04
1026 2.330433e-04
1027 2.024333e-04
1028 1.729048e-04
1029 1.443905e-04
1030 1.173102e-04
1031 9.230053e-05
1032 6.992906e-05
1033 5.004400e-05
1034 3.524311e-05
1035 2.654505e-05
1036 1.731263e-05
1037 9.883230e-06
1038 5.361602e-06
1039 2.835167e-06
1040 -3.885727e-06
1041 -3.607955e-06
1042 -3.297316e-06
1043 -2.966999e-06
1044 -2.627889e-06
1045 -2.290889e-06
1046 -1.967006e-06
1047 -1.666333e-06
1048 -1.396610e-06
1049 -1.162306e-06
1050 -9.642728e-07
1051 -8.003202e-07
1052 -6.661819e-07
1053 -5.566717e-07
1054 -4.666025e-07
1055 -3.914366e-07
1056 -3.275986e-07
1057 -2.725028e-07
1058 -2.243404e-07
1059 -1.812975e-07
1060 -1.467888e-07
1061 -1.172801e-07
1062 -8.891322e-08
1063 -6.632780e-08
1064 -4.902339e-08
1065 -3.551627e-08
1066 -3.819111e-05
1067 -3.253153e-05
1068 -2.732561e-05
1069 -2.277888e-05
1070 -1.894997e-05
1071 -1.581638e-05
1072 -1.330454e-05
1073 -1.131038e-05
1074 -9.719562e-06
1075 -8.425378e-06
1076 -7.336926e-06
1077 -6.384265e-06
1078 -5.518997e-06
1079 -4.713464e-06
1080 -3.956837e-06
1081 -3.250656e-06
1082 -2.603332e-06
1083 -2.024614e-06
1084 -1.510627e-06
1085 -1.087056e-06
1086 -8.614480e-07
1087 -5.880567e-07
1088 -3.731979e-07
1089 -2.353968e-07
1090 -1.477195e-07
1091 -9.206929e-08
1092 2.172761e-04
1093 1.806936e-04
1094 1.476739e-04
1095 1.197162e-04
1096 9.718429e-05
1097 7.973117e-05
1098 6.659325e-05
1099 5.681592e-05
1100 4.943590e-05
1101 4.361905e-05
1102 3.871376e-05
1103 3.426817e-05
1104 3.001173e-05
1105 2.582896e-05
1106 2.171869e-05
1107 1.775493e-05
1108 1.404729e-05
1109 1.070361e-05
1110 7.755901e-06
1111 5.222363e-06
1112 4.032338e-06
1113 2.719752e-06
1114 1.522133e-06
1115 7.977602e-07
1116 4.005509e-07
1117 1.958480e-07
1118 8.390906e-04
1119 6.973442e-04
1120 5.712301e-04
1121 4.654570e-04
1122 3.805893e-04
1123 3.148365e-04
1124 2.650739e-04
1125 2.276113e-04
1126 1.988311e-04
1127 1.756626e-04
1128 1.557423e-04
1129 1.374613e-04
1130 1.198880e-04
1131 1.026673e-04
1132 8.586059e-05
1133 6.979521e-05
1134 5.490644e-05
1135 4.158624e-05
1136 2.975932e-05
1137 2.060103e-05
1138 1.586692e-05
1139 1.025131e-05
1140 5.779664e-06
1141 3.107783e-06
1142 1.628681e-06
1143 8.403468e-07
1144 1.448909e-03
1145 1.203776e-03
1146 9.863959e-04
1147 8.045019e-04
1148 6.587532e-04
1149 5.458759e-04
1150 4.603889e-04
1151 3.958984e-04
1152 3.461786e-04
1153 3.059701e-04
1154 2.712459e-04
1155 2.392910e-04
1156 2.085446e-04
1157 1.783914e-04
1158 1.489808e-04
1159 1.209289e-04
1160 9.500095e-05
1161 7.184103e-05
1162 5.124119e-05
1163 3.569383e-05
1164 2.744309e-05
1165 1.759078e-05
1166 9.921939e-06
1167 5.356273e-06
1168 2.819467e-06
1169 1.465431e-06
1170 -4.738073e-07
1171 -4.609979e-07
1172 -4.396205e-07
1173 -4.100225e-07
1174 -3.733168e-07
1175 -3.315382e-07
1176 -2.873521e-07
1177 -2.435647e-07
1178 -2.026221e-07
1179 -1.662657e-07
1180 -1.353911e-07
1181 -1.101243e-07
1182 -9.001682e-08
1183 -7.428409e-08
1184 -6.201630e-08
1185 -5.233599e-08
1186 -4.449368e-08
1187 -3.791013e-08
1188 -3.217882e-08
1189 -2.705659e-08
1190 -2.243385e-08
1191 -1.815052e-08
1192 -1.427670e-08
1193 -1.104251e-08
1194 -8.392854e-09
1195 -6.192183e-09
1196 -5.184069e-06
1197 -4.445386e-06
1198 -3.770888e-06
1199 -3.179897e-06
1200 -2.676309e-06
1201 -2.256748e-06
1202 -1.912818e-06
1203 -1.632873e-06
1204 -1.404011e-06
1205 -1.213978e-06
1206 -1.052055e-06
1207 -9.097916e-07
1208 -7.812134e-07
1209 -6.628404e-07
1210 -5.532327e-07
1211 -4.524410e-07
1212 -3.612962e-07
1213 -2.804928e-07
1214 -2.076470e-07
1215 -1.590072e-07
1216 -1.211101e-07
1217 -8.151179e-08
1218 -5.371645e-08
1219 -3.527205e-08
1220 -2.297691e-08
1221 -1.473049e-08
1222 -1.777011e-05
1223 -1.483711e-05
1224 -1.238741e-05
1225 -1.041137e-05
1226 -8.847589e-06
1227 -7.620447e-06
1228 -6.651195e-06
1229 -5.866034e-06
1230 -5.201873e-06
1231 -4.610669e-06
1232 -4.059232e-06
1233 -3.528848e-06
1234 -3.013086e-06
1235 -2.515305e-06
1236 -2.044793e-06
1237 -1.612950e-06
1238 -1.229575e-06
1239 -8.910881e-07
1240 -6.161645e-07
1241 -5.133899e-07
1242 -3.195206e-07
1243 -1.894046e-07
1244 -1.136488e-07
1245 -6.824048e-08
1246 -4.101847e-08
1247 -2.442136e-08
1248 3.444361e-04
1249 2.838494e-04
1250 2.329083e-04
1251 1.919010e-04
1252 1.600131e-04
1253 1.357470e-04
1254 1.173732e-04
1255 1.031970e-04
1256 9.172799e-05
1257 8.181253e-05
1258 7.265091e-05
1259 6.378271e-05
1260 5.501416e-05
1261 4.635144e-05
1262 3.799004e-05
1263 3.015446e-05
1264 2.308253e-05
1265 1.685008e-05
1266 1.146983e-05
1267 8.841471e-06
1268 6.048277e-06
1269 3.476785e-06
1270 1.897041e-06
1271 1.004701e-06
1272 5.257547e-07
1273 2.714820e-07
1274 1.053357e-03
1275 8.687289e-04
1276 7.141687e-04
1277 5.905922e-04
1278 4.947253e-04
1279 4.217414e-04
1280 3.662673e-04
1281 3.231027e-04
1282 2.877575e-04
1283 2.568097e-04
1284 2.279106e-04
1285 1.997334e-04
1286 1.717998e-04
1287 1.442979e-04
1288 1.178253e-04
1289 9.315062e-05
1290 7.097729e-05
1291 5.137307e-05
1292 3.517498e-05
1293 2.729585e-05
1294 1.813196e-05
1295 1.036124e-05
1296 5.653058e-06
1297 3.005834e-06
1298 1.581322e-06
1299 8.220177e-07
1300 2.890194e-06
1301 2.817466e-06
1302 2.690754e-06
1303 2.511913e-06
1304 2.287847e-06
1305 2.031402e-06
1306 1.759457e-06
1307 1.489751e-06
1308 1.237686e-06
1309 1.014160e-06
1310 8.247310e-07
1311 6.701133e-07
1312 5.474100e-07
1313 4.516706e-07
1314 3.772579e-07
1315 3.186708e-07
1316 2.712701e-07
1317 2.314689e-07
1318 1.967701e-07
1319 1.656754e-07
1320 1.374467e-07
1321 1.112033e-07
1322 8.744230e-08
1323 6.766333e-08
1324 5.144632e-08
1325 3.793688e-08
1326 9.948434e-06
1327 9.244306e-06
1328 8.391444e-06
1329 7.440580e-06
1330 6.449078e-06
1331 5.475707e-06
1332 4.571050e-06
1333 3.769918e-06
1334 3.089449e-06
1335 2.531153e-06
1336 2.084777e-06
1337 1.733142e-06
1338 1.456463e-06
1339 1.235739e-06
1340 1.054730e-06
1341 9.009329e-07
1342 7.657328e-07
1343 6.439422e-07
1344 5.330911e-07
1345 4.322048e-07
1346 3.403547e-07
1347 2.619427e-07
1348 1.990011e-07
1349 1.472150e-07
1350 1.047095e-07
1351 7.146064e-08
1352 1.353882e-05
1353 1.259012e-05
1354 1.133650e-05
1355 9.900783e-06
1356 8.408908e-06
1357 6.972587e-06
1358 5.675118e-06
1359 4.565609e-06
1360 3.660906e-06
1361 2.952350e-06
1362 2.413971e-06
1363 2.011091e-06
1364 1.708821e-06
1365 1.479647e-06
1366 1.301493e-06
1367 1.144374e-06
1368 9.948592e-07
1369 8.631949e-07
1370 7.169897e-07
1371 5.663899e-07
1372 4.547970e-07
1373 3.585715e-07
1374 2.721046e-07
1375 1.967565e-07
1376 1.358405e-07
1377 9.007584e-08
1378 5.293584e-05
1379 4.530462e-05
1380 3.839889e-05
1381 3.238241e-05
1382 2.728092e-05
1383 2.305047e-05
1384 1.959629e-05
1385 1.679086e-05
1386 1.449453e-05
1387 1.257642e-05
1388 1.092459e-05
1389 9.454125e-06
1390 8.108595e-06
1391 6.858726e-06
1392 5.696636e-06
1393 4.628467e-06
1394 3.668727e-06
1395 2.792240e-06
1396 2.076362e-06
1397 1.634535e-06
1398 1.142078e-06
1399 7.687907e-07
1400 5.078904e-07
1401 3.290623e-07
1402 2.088385e-07
1403 1.296551e-07
1404 6.576781e-04
1405 5.477062e-04
1406 4.585829e-04
1407 3.886739e-04
1408 3.347692e-04
1409 2.930440e-04
1410 2.600385e-04
1411 2.327142e-04
1412 2.086074e-04
1413 1.860257e-04
1414 1.639754e-04
1415 1.420724e-04
1416 1.203620e-04
1417 9.921684e-05
1418 7.933543e-05
1419 6.132908e-05
1420 4.537740e-05
1421 3.126964e-05
1422 2.381526e-05
1423 1.689637e-05
1424 1.006942e-05
1425 5.713577e-06
1426 3.171543e-06
1427 1.746353e-06
1428 9.501078e-07
1429 5.180603e-07
1430 1.476405e-01
1431 1.188943e-01
1432 9.534649e-02
1433 7.670241e-02
1434 6.232494e-02
1435 5.135199e-02
1436 4.288574e-02
1437 3.614905e-02
1438 3.055946e-02
1439 2.572945e-02
1440 2.143304e-02
1441 1.756053e-02
1442 1.407694e-02
1443 1.098645e-02
1444 8.306749e-03
1445 6.051609e-03
1446 4.221143e-03
1447 2.797523e-03
1448 1.745051e-03
1449 1.014139e-03
1450 5.553994e-04
1451 3.117759e-04
1452 1.051776e-04
1453 -3.724665e-05
1454 -7.196372e-05
1455 -5.206819e-05
1456 1.188456e-01
1457 9.675700e-02
1458 7.967061e-02
1459 6.648908e-02
1460 5.615152e-02
1461 4.777000e-02
1462 4.069104e-02
1463 3.448193e-02
1464 2.889175e-02
1465 2.380348e-02
1466 1.918830e-02
1467 1.506361e-02
1468 1.146274e-02
1469 8.412800e-03
1470 5.921769e-03
1471 3.971983e-03
1472 2.519700e-03
1473 1.499861e-03
1474 8.363096e-04
1475 4.820713e-04
1476 2.822361e-04
1477 -2.296783e-05
1478 -8.226043e-05
1479 -4.868010e-05
1480 -2.333880e-05
1481 -9.668770e-06
1482 9.683721e-02
1483 8.078871e-02
1484 6.821992e-02
1485 5.813742e-02
1486 4.977243e-02
1487 4.256250e-02
1488 3.613833e-02
1489 3.029470e-02
1490 2.494715e-02
1491 2.008582e-02
1492 1.574047e-02
1493 1.195121e-02
1494 8.748892e-03
1495 6.141481e-03
1496 4.108577e-03
1497 2.601254e-03
1498 1.548081e-03
1499 8.661823e-04
1500 5.056920e-04
1501 3.098408e-04
1502 -3.403554e-05
1503 -8.228247e-05
1504 -4.561347e-05
1505 -1.902318e-05
1506 -7.901299e-06
1507 -2.644413e-06
1508 7.785442e-02
1509 6.632541e-02
1510 5.693525e-02
1511 4.901194e-02
1512 4.208994e-02
1513 3.586260e-02
1514 3.015970e-02
1515 2.491435e-02
1516 2.012652e-02
1517 1.582953e-02
1518 1.206683e-02
1519 8.872215e-03
1520 6.257919e-03
1521 4.207736e-03
1522 2.677252e-03
1523 1.598837e-03
1524 8.919461e-04
1525 4.947885e-04
1526 3.324171e-04
1527 -1.356800e-05
1528 -9.216756e-05
1529 -5.340995e-05
1530 -2.453648e-05
1531 -1.013776e-05
1532 -3.212622e-06
1533 -1.459012e-06
1534 6.319240e-02
1535 5.466879e-02
1536 4.736441e-02
1537 4.088139e-02
1538 3.498495e-02
1539 2.954538e-02
1540 2.451359e-02
1541 1.989634e-02
1542 1.573108e-02
1543 1.206264e-02
1544 8.928084e-03
1545 6.343889e-03
1546 4.300237e-03
1547 2.759677e-03
1548 1.661572e-03
1549 9.308016e-04
1550 4.969416e-04
1551 3.390571e-04
1552 3.780629e-05
1553 -1.023702e-04
1554 -6.839885e-05
1555 -3.306185e-05
1556 -1.302953e-05
1557 -6.087818e-06
1558 -1.519060e-06
1559 -1.000231e-06
